robot_arm_node:
  ros__parameters:
    L1: 0.55
    L2: 0.40
    L3: 0.07
    relate_height: 0.175
    r_buttom_min: 0.20
    Angle1_MIN: 48.86
    Angle1_MAX: 140.7
    Angle2_MIN: 48.86
    Angle2_MAX: 140.7
    Angle3_MIN: 48.86
    Angle3_MAX: 140.7
    t_x: 0.18722
    t_y: 0.2525
    t_z: 0.13197
    r_ang: 30.0